sl9w5l2vxpm 
354860894054187 
shw3jg57qp0gv 
352853110515042 
sgcyp4tyjvj 
353241104281517 
???????????????? 
352916110110146 
353844103042358 
353832103480801 
sxw9jvk4krh 
356795112549899 
356694113565865 
353233106841091 
356687110957440 
shgljwg3dp0gv 
356685119808630 
352819110303424 
353236103913383 
shgfjje8kp0gv 
359015634912468 
352195600333878 
353076690635910 
353233104893094 
shw3jg43vp0gv 
shgfjjla2p0gv 
356609231191378 
353240102721045 
353923105104026 
356787113959185 
356694115875973 
350643635180337 
353243106372880 
sdyr7d7xx9d 
353052113231025 
353247105105373 
358825092732336 
sc70nhlwcgp 
353987108468027 
357171858110271 
svhc3jmmwgk 
351859148073285 
353501491377719 
351671398459910 
353924100283690 
3082sh1001038531 
350038440735450 
sk6k5q95v9g 
356434103385614 
351156787466635 
356684115133747 
352822111339579 
353246102901354 
354009840760725 
353841109792713 
356685114785965 
354703755425296 
355306401730587 
352926117158329 
353832109884949 
353248101730636 
shgtjhnswp0gv 
356681118322251 
shw3jg42vp0gv 
354685925287518 
352913112727407 
352828111060032 
358438441562691 
353246104543196 
353896101069387 
skxkwlw240t 
356685118553658 
352836110047132 
356686110617087 
359237631406159 
353830100258147 
356684114568620 
356689118148717 
353996101475848 
353239104207490 
353915108339187 
353236103609700 
353243102756573 
353833102892293 
358469524708125 
350510542470756 
352725355466372 
353009115391546 
356691115150530 
353055113785346 
353901108624810 
353240100274179 
353235108492344 
356781119176787 
354000344322765 
356684114828578 
356680117185461 
shgljwg46p0gv 
353042114823326 
352928114938547 
356688111131852 
353969103247481 
356684119181304 
356832112200957 
353889102997599 
sdyt25c4y2w 
356687110803883 
356713113643207 
356688118334566 
352830112282110 
353009114129202 
356686116081924 
sgch6gfw6ft 
353241105243649 
353243104934889 
356487105587306 
slwdpwrd761 
353003118386868 
356684114820203 
356688114936505 
352819111284235 
353905990096136 
356871113020659 
353237101682301 
353243100787182 
350002264871601 
352169320699645 
sjjl7tjm9w2 
356686117743498 
352822110952729 
352837110045597 
356780113353210 
353241104260586 
356779113224553 
356688116636921 
353904101352314 
355513317370818 
shgtjh2cbp0gv 
352853113652412 
353914104887554 
356686111035339 
353241103322999 
356718112629453 
352824110843452 
356684118843854 
353004117121090 
353241103401363 
356684115413164 
353243105969546 
356547109136747 
356446104427013 
sdl62m97l76 
356684111278454 
356688111524833 
356501108895217 
351109220542801 
353047111646877 
352821111308360 
356685112865041 
352798295992773 
356687111173799 
351572591917185 
356688110979970 
356685111406847 
354876507344559 
353245101869141 
355044565318861 
356786111897777 
350839228527617 
353239105458647 
358288940541914 
351793390888548 
350002263065270 
352997091983214 
shw3jg470p0gv 
351880157361064 
sfl4xrn40tx 
353052110044249 
skj4rlp4tj9 
356805110771856 
shgljwfqvp0gv 
356500105483597 
353003111896673 
350320094540315 
356694111566717 
353889101030632 
353249100427539 
353008114327246 
356832111586380 
353239101474986 
353843101554513 
352830110164682 
353896106003191 
353232106640735 
shgfjjl15p0gv 
356690114487554 
353232108353683 
350108847701007 
356686114119916 
354047641691509 
353239101363288 
354047643255170 
356694114929573 
353341836537218 
353239103988496 
sj0nqjgk7w3 
359371600961694 
352023218547855 
356686110965387 
351880150621571 
356725665274249 
350777731355797 
356576108164574 
356714111616823 
356684119333350 
356725665335438 
353842108539360 
356714113565861 
356684112984258 
359827483210780 
356686116143526 
sg0w96fjpxl 
356693116261050 
356786112240373 
352840112370799 
352824110920128 
350777738325157 
356684114165880 
354506126728136 
354196921099501 
shw3jg4j6p0gv 
357061229135398 
353832109366616 
352825111466110 
353246105326112 
353845108568552 
353987109890815 
353050119516167 
shgljwg6yp0gv 
356794113338741 
359735199908607 
356687119239022 
356688114364278 
354440896342953 
356739087684703 
shgmjw5xcp0gv 
353248102368220 
356681110037774 
356682118758536 
355044566350301 
356794110428701 
356685118190352 
356687111581033 
355440076402816 
350742136714238 
357104911854585 
353967102753814 
352117351387655 
356783112031381 
352023210175820 
356685117671857 
352830111346718 
351880158189365 
shgtjhnlsp0gv 
355562900069022 
355513314510069 
350742130668893 
356599140081242 
352798298602809 
shgljwgg6p0gv 
356684111325289 
356684113424478 
353245100519648 
353243104380729 
353007116602382 
356685117470417 
352877111518028 
359871978596006 
353842100875895 
353235108557815 
352844111368531 
355591192988557 
352048884195655 
351793395811412 
356133318054706 
353243102167094 
356688111249142 
352835110167817 
352820114869493 
352835111303924 
xtj10459247079 
356684113999693 
sfwqyxq63f5 
356723110021505 
352622994018468 
350408482202828 
354703750559818 
353040119686979 
357130732914092 
353361733514342 
352827114867070 
27911-60w304730 
356865117493730 
352891111646200 
k7rn9kq2r0 
352991115663662 
356687110853110 
353841109959072 
353990990526985 
356980069970237 
355804823239070 
354506128124268 
350342021918299 
356685115222307 
351145700528555 
353240104131748 
352725353229137 
353237104588364 
352003579309715 
353238102741849 
356687116308077 
352820110144461 
356133318966693 
356686111509952 
351793392628256 
357104912092029 
356792112743192 
353909108787578 
356714114693738 
353844109268189 
350510545416822 
352858110765778 
356712117833780 
359669601499709 
356133319356514 
356685115976902 
353842102230214 
353240106086619 
356713110738745 
358288940126534 
356712114345168 
353167661167486 
353244106013193 
356714112733601 
352798299756307 
353831101451780 
350197048098461 
sxvj6v6100p 
356493109781119 
356796110997676 
357061220976741 
356687111413435 
356789282733128 
353044115546377 
353057118744864 
354876500046599 
353920961574268 
356782112969319 
sd4ckxqh2gt 
356498103450918 
356686110319031 
356684119302785 
353003112133597 
353019091964158 
356961137923093 
351194962922882 
350408480760736 
353242109473851 
351880158063958 
353050114475104 
sql49rx57tx 
359827481401753 
353902100879667 
353038117520547 
356686110716780 
359195671957319 
350641990369289 
354551506360118 
352856110023339 
356599142683870 
356688111627206 
352847112168750 
shgfjjkv2p0gv 
353054110749363 
356697117486780 
353342883892969 
353247100608934 
350725914562432 
359871979331049 
351880156471138 
353249104340217 
354002101321857 
356685115425777 
shgfjjeknp0gv 
353242107983224 
353232107749808 
352837111400353 
352704138079810 
352834111303489 
353250100276611 
355091840244230 
353835103314979 
353239103291172 
359669601347262 
356686110261217 
356793113017792 
352704136467272 
352827110232295 
352832110545761 
353005116925720 
352828111402770 
shgljwgknp0gv 
352833110054176 
352853116002870 
356687111327130 
354440897063731 
3082sh1001092020 
356501106729129 
353041117339777 
356688111619971 
353832109255405 
356743110410185 
356697119767807 
353232105034146 
353997103528642 
352377997595885 
353845109288721 
shgpjwk1rp0gv 
353076698451088 
358438441653383 
356448106442883 
355044568675093 
356784114520330 
358288940712234 
353236102962225 
353991101129172 
357463523208204 
353007111055420 
356688110388453 
353238104388466 
353249105403337 
353235100169775 
356687110093469 
356684114995187 
356696118262190 
356687118894702 
shgfjjekqp0gv 
356687110530973 
356687111467225 
352839111059106 
356689112807722 
scmjgcy9wff 
356813113044230 
353843108636081 
356786111589945 
350777734592610 
352822110937779 
356683115381538 
356685115867150 
352842110755617 
353006113754196 
353239106987982 
352847114724063 
353243101247814 
350765871333369 
356791110448127 
354842977841508 
353008117441184 
351109221642121 
356563109549318 
353832108944074 
352380204704316 
355541820243222 
353031110653316 
354741663193010 
356690110816111 
359001974145315 
353003113669383 
353052110128695 
356122160414134 
356684117774456 
356712115448391 
359871977200139 
355693076440489 
shggjjxkpp0gv 
353244100605895 
353842100916970 
352819112240962 
352835110934968 
351194965381755 
shgpjwk47p0gv 
smk6cmhyc4j 
352856113046261 
356493107491398 
shw3jg4djp0gv 
351109223533807 
356861114504637 
352003579636059 
357463522705705 
353003117299286 
356673370207460 
351109221078656 
353826102273639 
356594591484508 
352048881704103 
353007116397868 
sgmxgc5gfk6 
356696113306737 
357201095538545 
356697115727458 
357814436493392 
353047119219560 
353237104714630 
356716118282962 
356954330258706 
358686412131934 
355598145362897 
353832101857927 
353053114666128 
352920111935568 
353022116309318 
356794110670062 
shw3jg4z1p0gv 
354874939330734 
356687112660745 
352014960601156 
356689115528275 
356686111117608 
scdk9xr595p 
356493108611291 
355727336572705 
353901102066091 
350777735647330 
sj757hvj7n7 
356684113535430 
352872111939035 
353246101203026 
352866111108500 
356834114808662 
354991550238325 
353361731669593 
353245104359520 
356687114749314 
356786112078393 
356718115673169 
356685110848775 
356687116994462 
354794860315878 
354121935774105 
353011113928204 
354842976042728 
352913115714717 
357061222963366 
354245333527573 
353239108841427 
352113539910591 
shgmjw5ghp0gv 
356713115179804 
shgljwgxkp0gv 
356685117346104 
356685119809604 
355413860242789 
353243105212798 
353245106500691 
356797112501870 
353239103384175 
353247106484223 
357379093140470 
356687111612259 
358611748116961 
357104911616398 
354876503012705 
353006119883312 
353995100888910 
353008112737628 
353906108503088 
skx42k6c9fh 
356685110862362 
356687111496133 
356685111427330 
353926100714418 
352868111599902 
353167666277785 
356555104150175 
sm622n9j22g 
350742138739050 
356712119928463 
353503758004234 
352917114924110 
352855114935266 
358774502332792 
352113539443056 
356689118953769 
351974974424666 
358618680492938 
shgljwglrp0gv 
353165802890909 
357171850996602 
353925105046081 
shw3jg443p0gv 
356686116167236 
353239102177117 
356686111602484 
352836114973705 
356500109502954 
352849113976058 
353233103289567 
359237638839659 
353048114159090 
shgtjh5yvp0gv 
356498107309987 
354703758853122 
353143102574473 
350742134711764 
353004115913555 
353896102616111 
sl7t2gjw7mr 
353846101709722 
352823111404959 
352622990268943 
356713118586617 
353920965461512 
356493109518362 
352877112734442 
shgljwfxkp0gv 
355044569644585 
356688110905355 
356687110822651 
356688110771054 
356725665098515 
sc2t06jjfvr 
smyk29f32v4 
353003117289246 
353031110480835 
356685112775323 
352822110100659 
353236107104427 
smqkg7lv7c2 
353249109339222 
353043111323088 
354741666901609 
357771775837458 
356696725372929 
353008112883612 
353833101960794 
354794862364858 
353243104542781 
353907105909898 
353250100572209 
351228760727448 
352928110861008 
356686115955607 
shgtjhmgxp0gv 
sk4k2409xhq 
shw3jg45jp0gv 
352831114881065 
356716112779898 
353243101066339 
356717113162332 
shgfjjl7ap0gv 
356685118444346 
353235104237347 
353233104453873 
351889405490864 
350777737245448 
sw5rxm6l5ql 
356500109921998 
shgfjjeu1p0gv 
353241100755803 
355727334481347 
357771570732086 
350742131084777 
358091657639693 
353057111068386 
356686110177009 
356684113368220 
351880157966763 
353730391521965 
354121933770121 
354121932425016 
356712112549084 
359237634893668 
353233104710470 
353241104415115 
353012112193287 
353043116158836 
356493109157054 
353247105551709 
352847112915523 
356684110236362 
350725744705961 
sf4vqfvpqnf 
353056113721497 
356686118852686 
shgtjhmqfp0gv 
scp627fywqd 
354121937456693 
353057110140251 
353833102065189 
354991555107913 
356646222734360 
353912104275812 
356686110868441 
355440072204927 
356685118148228 
352855114593693 
353889102839783 
356795119649643 
356686110250111 
356483108614486 
352864110700146 
351671395706636 
shgtjh8dyp0gv 
353167661304709 
351458135071020 
356496109682989 
356687110309824 
350742132440903 
356484108641321 
350141782076184 
356687119434193 
353004116001459 
shgmjwkzvp0gv 
353357674277626 
358686415341951 
352827114357353 
353236104604015 
356697111773548 
352845110728252 
scrwkf4k40t 
353249108762168 
356684118877852 
353242105752647 
351696726960453 
356685115664565 
356687111369322 
353040113524903 
356715117561871 
354002101444808 
353827107350216 
356687114770419 
353057114574422 
356690119470944 
shw3jg4vqp0gv 
shgljwfftp0gv 
353826106530240 
smxxvy6w40m 
352828110534136 
353826109096355 
353838108059995 
356492100351542 
356494108928792 
352819113042219 
351228760053548 
353249108012945 
353838101393607 
356684113837745 
354842977410288 
smdjd4jqgvm 
353004112604579 
356714111895369 
353235109845524 
356697111765742 
sm4xcl9v211 
356687110204793 
352827110370632 
svqpxhh0y63 
351228762198051 
353253182679272 
355877332941386 
352806843553656 
356695115093608 
359824134356112 
353243107379462 
351889405338493 
swwtwvvf3q4 
356692117897284 
355127840031761 
353828103979073 
353917104437148 
354112720842793 
356495108580913 
357504272331034 
356686111485823 
358750485169179 
shgfjjkysp0gv 
356685111109052 
shgtjhn5qp0gv 
shgljwfjkp0gv 
350408485427646 
353970104161838 
356830112183017 
352836110512796 
354860894721934 
358288940663841 
351133753602113 
359827484512507 
353541322021581 
356691119480495 
358823343943034 
356688111693646 
353233102154333 
354049349247303 
353245101731192 
353006112688858 
355044562072768 
353005117983124 
shghwccx9hx 
353039113726906 
354440895943793 
sfw9yn6r7lg 
353253183203783 
sx64v45q4xx 
353920964075974 
shw3jg42fp0gv 
shgtjh8app0gv 
357014744449265 
shgfjjkqvp0gv 
355044564333002 
356688111365963 
353915108185101 
shgmjw5hvp0gv 
356713119120523 
350408483469418 
356718114944710 
355591193956678 
353004116626834 
sr4q192m6tq 
353842109117570 
356684119228212 
353005115537872 
350641990330539 
356687110885880 
352023214327476 
354687770006639 
353239102315741 
356712114902737 
356688114715636 
353844101518888 
352985113424887 
353243106568867 
352048883905856 
352821111461797 
353504860188345 
350510540797325 
353841109619031 
353831109202987 
354741664206118 
359886431957207 
353053114283130 
353038116337133 
352820110053779 
shw3jg4asp0gv 
353044110256444 
353232103072551 
356697110583278 
353236105494101 
359371602462964 
356779113475510 
359676576795615 
359669607271995 
356787113233128 
353833103136518 
353048118268731 
353911101575802 
sjy54qlvx0h 
356609232232692 
shgtjh8f2p0gv 
356685110892112 
356742084200747 
359237634393180 
350742137514587 
356685113784506 
358823341052390 
353905104075786 
350408481663863 
354794865474688 
353985100226294 
356548105868515 
352048880628550 
sxx4wrfqkcg 
353236104681831 
356717113012826 
353730391353542 
353833109193323 
353845106833537 
353917101594545 
353990990536505 
357061228835030 
353245103106898 
shgpjwka6p0gv 
354506125046423 
351082462505325 
355660528138490 
353043112290898 
353842100807138 
353235109133715 
sg34rw6rvyd 
353074114976440 
352823111494513 
sfyw679hrv2 
351166897056341 
356687112540541 
352836112616173 
357014744352501 
356685118422573 
352828114786153 
356684116097149 
351572596186174 
sjcql0jxw6g 
shgfjjkv3p0gv 
358091656848931 
356580106830145 
353830107042452 
shgljwglyp0gv 
356681111669542 
sk3kqf60vh2 
356740088225165 
356684115328115 
357846853618762 
356792113099313 
skhx46lqp0q 
356687110838798 
356796116008924 
353239109688868 
356687110624883 
353827106435760 
353242101248558 
353070108497088 
353009110419474 
356684119462902 
353006117198929 
356718112513699 
353022091130077 
356689119242642 
356725665408920 
356787118031790 
353894103151303 
353894100263002 
356688112229978 
353837108295427 
shgfjjl6pp0gv 
352704136983369 
352513420094753 
shgljwfj7p0gv 
shgd27mt25g 
353894102156030 
shgljwg61p0gv 
353044112991485 
359827480654667 
356691112895780 
shw3jg3k7p0gv 
357463521904895 
353003111665193 
shgmjwmx8p0gv 
356815110901056 
356684118391318 
356716110555563 
smw0y0glcj4 
359735197260928 
354065524043069 
353004116290862 
356687111090985 
350110421720064 
353922106693847 
353187650506502 
356688111350403 
353233101316321 
352924116950846 
353053110471903 
sc9g2xmqh4q 
356574102114711 
353236105798055 
353833109620663 
354991558692200 
356649239319658 
353242109139841 
352991113579316 
srhx425wn9m 
slhwy460vxt 
356687117712459 
sm3qgryq4qg 
shgfjjksfp0gv 
357463523758612 
356687111159707 
353253185320965 
351540514412402 
353826100235317 
356795111151010 
356646220733604 
353922104266745 
353831102737153 
356685116749662 
353828103110331 
356488106526913 
355877334812635 
352897112581593 
356599144665685 
356492106208472 
sd4vmkgq12y 
356715111766278 
shgfjjkscp0gv 
356687110676461 
356487109672724 
352825110702879 
356780113066648 
356687110087420 
353246102527498 
sglxhd6p2yf 
353233104878590 
353249103225872 
353019118983439 
353239101814983 
356684112596821 
352827113962534 
356718113564014 
356713115726240 
356576104766901 
sjlcnqy4d12 
352831110909316 
356695116753895 
shgljwgmdp0gv 
356685114779059 
352023212862789 
356490108847909 
356500105520919 
356490104974798 
356684110242279 
352203775836418 
353237100451286 
sll26qrq7v4 
354047640098250 
356712110921426 
353245103599449 
352929115601613 
sj34wk33yqp 
sfx69l7c67v 
356685111493308 
27285-60y605519 
356684115724131 
356780110048078 
355800079388041 
356688110484534 
355044560134974 
shw3jg46kp0gv 
359015636302577 
shgtjhp4tp0gv 
352834113036160 
shgtjhnwzp0gv 
356487142829737 
350024061584708 
353841107565939 
356037841880539 
356688111874147 
356687110888678 
353902101386639 
353899103462030 
355471421064514 
356686114933308 
359015632330846 
shgtjhnuzp0gv 
353244105637554 
357504279323646 
355562900910811 
356687111656876 
353242101911775 
350905821367063 
353244106188615 
352828114249624 
353006118783133 
352837111280052 
350777733487077 
357377091286717 
shgtjh284p0gv 
356686111092207 
357774330040071 
snv39hwkw52 
353044118507772 
shgfjjex2p0gv 
356704111642960 
354741667029566 
356685111946701 
353232109173866 
350742136019091 
351145700290966 
shgmjwmjjp0gv 
353248104006406 
smqt2j2yp2f 
352835111367382 
3082sh1001046824 
352924114732410 
353826105077748 
357590490441820 
356687110908211 
356718114818096 
symhxnjmjxf 
356571103104162 
357014747928414 
353003116618130 
356716119467349 
352924115283389 
slrqk0dgcdj 
352848110986979 
356684118546705 
353923108104007 
354860894365633 
353901102731363 
353840103082956 
356780110549463 
353058114238885 
352821111379197 
356787114422951 
354703757731584 
sl6lfyh7v0t 
350424812217527 
354245334188649 
356684115685688 
356785110408099 
353247109594242 
353925107447949 
353893106538813 
354506120725179 
353235106560142 
356791110278755 
356696722898603 
352704137874518 
351880157298134 
355942859018941 
353238104558852 
353893106518245 
353042119123714 
356688118305038 
356685115351510 
356684116301772 
352834112284936 
350002268808971 
356684115384852 
353041119152780 
sdq6h6myp2w 
354703751730228 
356687111654673 
356834114757547 
sf2lx214shfm4 
353244102950067 
357014742385172 
356686110164940 
353247105783690 
sjg24nn6ck9 
356795113943505 
353947108269999 
355660520997935 
353284076610644 
353913102699748 
353826108121758 
350257573867266 
353055114692202 
356684112940862 
shgtjh2d9p0gv 
356684110428753 
356796110949800 
358611748824051 
356702111845286 
356687110120536 
356691119852586 
356869111733190 
356577108722999 
353243100649895 
350002262168299 
352823113053523 
3082sh1001038877 
356133316990760 
356686110059363 
sjl9lk9vjd6 
352915114954186 
shgtjhnsyp0gv 
353831101287929 
sn2xxh2g96f 
356687111187187 
356684115276306 
356684114868798 
353245103494351 
356685117671782 
353250103405829 
353009110154519 
352828110746078 
356684119102656 
350038440526362 
353242106800155 
shgljwft8p0gv 
354991556501080 
356685111132963 
shtpq4r1px2 
356718081158401 
354876500860734 
357463525519939 
356686118810353 
353006110051455 
351880158318584 
351123623707606 
356684113380134 
352822110711349 
353653120875496 
356782113219656 
352169320694679 
354049349919414 
351166894034135 
356686111525081 
356684115068760 
354703750317803 
353501496434002 
356543108037713 
352852111320477 
354876508287674 
356713114556283 
356793110235850 
353361738796472 
357104919618503 
353841109917583 
slmxtnyvyh2 
356717111953773 
356779119377918 
356725665374320 
353509870780932 
350852691118681 
356688119785758 
352889119073542 
352821111300292 
351572594215603 
356788112542733 
355701900131719 
356697114753570 
sf2lx214uhfm4 
356684111358819 
356473104480024 
356684117521881 
356793111496030 
356686111101818 
353041119473434 
356557840089972 
356696111505793 
shgfjjeeep0gv 
359035292346478 
352821110679571 
353830100199721 
353891109617030 
352822110829505 
shgtjhn4vp0gv 
353241100854713 
shgljwg55p0gv 
356688110929181 
356719087162090 
356685114310053 
356687110521188 
353247104533435 
353007111949374 
351793397010369 
353232107602585 
356694113323323 
356793110990298 
357061224231432 
356684115755978 
353167662604297 
352828110982327 
356684119433499 
353895100064282 
353008113939983 
356687118973175 
357104912673646 
356716118712778 
353249106294776 
356795113871409 
353247104542758 
353238107345471 
scxgjh93v7j 
slh9g3qqvmd 
356686110701030 
353250100062888 
qwerty 
350742134568099 
356685111411011 
352917111539895 
353041116529717 
356680117132570 
356685119169975 
356685117392777 
356484108727583 
356834114799085 
353053113529590 
357850278592701 
353042117913363 
356686115578987 
356685110233952 
353921107232522 
356687111527382 
359871979726776 
358845637204005 
353057119999822 
shw3jg496p0gv 
356796111918598 
352928115861284 
355060583711838 
353039112308748 
352856113936495 
353851661765064 
354509712171125 
356794111228365 
356688110488055 
shgljwftep0gv 
351039491154053 
356485108299564 
skqmwrylvx3 
352821111323260 
357061220563671 
356687112725233 
359458688804191 
353044114434633 
351467531032627 
356490109932692 
352876111362601 
352852116059872 
356713116978972 
356690119699625 
359871973246417 
356578101548241 
353007112089709 
353892100583445 
353241102848556 
356697119484395 
356686115420768 
352836114922892 
355358089046265 
352845114097076 
356685118336229 
356715111057231 
354991554086514 
353232105747093 
353052110232901 
shy4jmvfwfk 
350839226962741 
sdxxl60l7cw 
353826109780875 
slf7v6vcxmv 
shw3jg3nnp0gv 
353919101238867 
353004112726224 
356713113969321 
358438443843552 
355727331482488 
353235103653007 
356491103525797 
sfg9q3l4mw1 
353239103105083 
359371603588064 
351001682150720 
3082sh1001038925 
356692116885645 
slw9wmxcfd6 
sgv9grxv541 
351732276356360 
351458135352966 
353842102247515 
353900100200132 
356725665413052 
352117352821348 
353005112705811 
359407089865004 
356685116062546 
353248100388303 
353239109499167 
353249103486334 
354121933428803 
352828111291082 
351330880466186 
353006119476109 
353039110585198 
353053110290550 
356685110955240 
356692110557919 
359015638635297 
356500109455005 
352826113887345 
356687114245776 
shgtjh293p0gv 
356831115193391 
352818110787933 
shw3jg4t4p0gv 
353890109805249 
353842101354346 
356687110100322 
sh9364kfhpw 
353235103195322 
353503757422353 
shgmjw5jsp0gv 
353238106481830 
shgcfvuzep0gv 
shgmjw5p2p0gv 
356037841168737 
353246101398024 
slxxwycyxph 
sk4y7wq1vfg 
357850275735238 
353008112867599 
353827109386333 
353357674069023 
353046110479330 
356789112030430 
353834106423127 
353974101207446 
353730390561772 
353048116700339 
353048111167609 
359015634004852 
356686111030355 
357210361371093 
353904102331069 
353836109078485 
356740087088986 
356695117078185 
352914110432602 
353248104730104 
352824111789332 
352822110743698 
353845101118090 
351880153789979 
356794112883689 
353233101542991 
shgfjjl0cp0gv 
353052114273323 
353233102146651 
353048111510170 
353833102259907 
353006114278294 
353830106179578 
353244107412337 
353894109501303 
353235106272656 
350320096192479 
353509875172788 
356684116562209 
356716110774495 
352845115959662 
353294074598196 
353076691094745 
356715110039701 
353832108968503 
350320092083367 
353842102209101 
352912119747178 
356685111393060 
352823111426762 
shgtjh8eup0gv 
352827110024452 
351732271244272 
356706926730195 
354196929632477 
356807112094089 
353248109522373 
353232108678568 
356492100518926 
356715112944577 
356687118432933 
352831111361095 
353041117842945 
352855115658685 
sjlhg3dfwjl 
353243100317402 
353730391153421 
356497106358540 
352827111020822 
353236106100152 
354065528599694 
shgtjhp75p0gv 
skm22nkhxml 
353044119318211 
sg07dm702ry 
356688110227438 
353043113563186 
353839103121442 
354121935601167 
356692110466293 
352888116497100 
353042114778553 
353006110761343 
353240108009437 
slw3hc9h37w 
357061228271772 
355044562729763 
shgtjhns5p0gv 
356684116453755 
352823113103328 
354794860046812 
355044563334837 
356493108116549 
351732270062865 
352873111871210 
356694117310672 
356490106406591 
356687115112835 
356685112816820 
shgtjh1hzp0gv 
353900102847237 
356686111813685 
356693118660838 
356557846526779 
353920963830320 
356695117267036 
shgfjjl3fp0gv 
353005114062005 
353246107504187 
353888102158178 
353840109858995 
356688110487495 
shgfjjexmp0gv 
shgtjh340p0gv 
353902101796332 
359827485061595 
353004113618057 
357204090272706 
351793392400706 
356489103649278 
353003110541288 
359824136758315 
356579102931378 
359237638380159 
351145700247552 
353249105555862 
356122165946239 
shgljwgd0p0gv 
353006118478643 
353509871373752 
